110100110
100000100
001100000
000010000
001100000
111000010
001000100
110101110
100000000
111000010
001000101
000001100
010001110
010110111
001100000
001101001
111000001
111001001
000000000
000000101
010000001
010110100
010010011
001000111
001110000
111000001
010010000
001000001
111001001
000000000
000000101
101000111 
100000010
110000111
100000001
001111000
001110010
111010001
010011010
111010001
000100010
100100001
001111000 
001110010
111010001
010011010
000100010
100100011