101100001
100101100
001001010
111010010
001010111
001100010
111010010
001010100
001111010
101100010
100101011
000000001
000001110
010110000
010110011
110000011
100100011
101000011
100100010
111010001
000001110
010111011
111011001
111110001
000000010
010111000
111000000
001000101
111001001
000000001
100001100
001101000
001011101
111101001
000001101
100000011
001101011
111010010
100100111
111001001
000001101
010111011
111011001
111101001
000000001
010111000
111000000
001000101
111010001
000000010
100001100
001101000
001011101
111110001
000001110
100000011
001101011
111010010
100100111
000000001
000001110
110000011
100100100
101011000
100100110
111010001
100000101
000000001
000001110
010101100
001011101
111101001
111110001
000000001
000001110
010101100
001011000
001101011
111010010
100100111
111001001
111010001
000000001
000001110
101011000
100100101
010100011
001000011
010100000
111010001
111101001
100100111
111001001
111010001
000001110
000000001
010100011
001000101
111101001
111110001
000000001
000001110
010100011
001101011
111010010
100100111
001011111
001100011
111011011
111011001
000010111
111011010
001011100
001111011
101101000
100101001
001011111
001100011
111111010
001011100
001111011
110101000
100101000
000100100
001011111
001100011
111011001
001011100
001111011
000111100
001011111
001100011
111011001
001011100
001111011
100101001
001011111
001100011
111011001
000010111
111011001
001011100
001111011
101101011
100101001
001010111
001100010
111110001
000111010
111110001
000100010
111010010
001010100
001111010
100101001
001011111
001100011
000010111
111111111
111111001
001011100
001111011
101000101
100100001
110101000
100101010
001011111
001100011
111011111
111011001
001011100
001111011
000100100
001011111
001100011
111011001
001011100
001111011
000111100
001011111
001100011
111111111
001011100
001111011
100100001
001011111
001100011
111011001
001011100
001111011
001011111
001100011
000010111
001011100
001111011
001011111
001100011
111111111
111111010
001011100
001111011
101011101
100100001
001011111
001100011
111011111
111011010
001011100
001111011
000111100
001011111
001100011
111111111
111111010
001011100
001111011
100100001
111001010
100100000
001110101
