001110000
010010000
110100000
100000000
001100000
000001000
001110000
010010000
110101000
100000001
001101000
000001100
010001110
010110111
001100000
001101001
111000001
111001001
000000000
000000101
010000001
010110100
010010011
001000111
001110000
010010000
001000001
111001001
000000000
000000101
101111000
100000010
110001111
100000011
101111001
100000011
001111000
001110011
010011111
111011001
000100011
100100011
001111000
001110011
010011111
000100011
100100100
001101000
111000010
001000101
100100101
001100000
111000010
001000100
111000010
001000101
100100110