101100001
100001100
001001010
111010010
1110100010
101100010
100001011
000000001
000001110
010110000
010110011
110000011
100000011
101000011
100000010
111010001
000001110
010111011
111011001
111110001
000000010
010111000
111000000
001000101
111001001
000000001
010011100
001101000
001011101
111101001
000001101
010010011
001101011
111010010
100100111
111001001
000001101
010111011
111011001
111101001
000000001
010111000
111000000
001000101
111010001
000000010
010011100
001101000
001011101
111110001
000001110
010010011
001101011
111010010
100100111
000000001
000001110
110000011
100000100
101011000
100000110
111010001
010010101
000000001
000001110
010101100
001011101
111101001
111110001
000000001
000001110
010101100
001011000
001101011
111010010
100100111
111001001
111010001
000000001
000001110
101011000
100000101
010100011
001000011
010100000
111010001
111101001
100100111
111001001
111010001
000001110
000000001
010100011
001000101
111101001
111110001
000000001
000001110
010100011
001101011
111010010
100100111
1110100100
0000101100
101101000
1110100010
100001001
1111100010
110101000
100001000
000100100
1110100001
000111100
1110100001
100101001
1110100001
0000101100
101101011
1110100001
100001001
1111100001
000111100
1110100001
100100001
0000101100
101000101
11111001000
100001001
11101001000
110101000
100001000
000100100
1110100001
000111100
1111100111
100100001
1110100001
0000101100
101011101
11111001001
100000001
11101001001
000111100
11101001001
100100001
111001010
100100000
